%Frequency (Hz)	Switch Term Drift (dB)	Directivity Drift (dB)	Tracking Drift Mag (dB)	Tracking Drift Phase (°)	Symmetry Drift Mag (dB)	Symmetry Drift Phase (°)	Match Drift (dB)	Isolation Drift (dB)
1.3e+08	-52.659	-52.659	0.12749	0.44565	0.1355	0.45164	-52.659	-120
1.3859e+08	-51.286	-51.286	0.13677	0.51048	0.14403	0.52051	-51.286	-120
1.4718e+08	-53.688	-53.688	0.12785	0.45961	0.13719	0.49589	-53.688	-120
1.5576e+08	-53.28	-53.28	0.13976	0.5515	0.1409	0.54033	-53.28	-120
1.6435e+08	-55.613	-55.613	0.14106	0.48871	0.14875	0.51226	-55.613	-120
1.7294e+08	-54.139	-54.139	0.15005	0.54577	0.15353	0.52354	-54.139	-120
1.8152e+08	-56.077	-56.077	0.13504	0.50661	0.13909	0.49414	-56.077	-120
1.9011e+08	-55.814	-55.814	0.14586	0.53199	0.15034	0.5035	-55.814	-120
1.987e+08	-56.906	-56.906	0.1408	0.51637	0.1426	0.50151	-56.906	-120
2.0729e+08	-61.944	-61.944	0.13842	0.53426	0.13963	0.53932	-61.944	-120
2.1588e+08	-59.806	-59.806	0.12353	0.51007	0.12591	0.49241	-59.806	-120
2.2446e+08	-59.193	-59.193	0.13435	0.49124	0.14357	0.47413	-59.193	-120
2.3305e+08	-59.594	-59.594	0.13637	0.59607	0.13496	0.60487	-59.594	-120
2.4164e+08	-59.08	-59.08	0.15142	0.61666	0.16414	0.62128	-59.08	-120
2.5022e+08	-60.542	-60.542	0.15063	0.54917	0.15461	0.5383	-60.542	-120
2.5881e+08	-58.076	-58.076	0.1668	0.62826	0.17315	0.63254	-58.076	-120
2.674e+08	-56.324	-56.324	0.15072	0.58758	0.15548	0.60016	-56.324	-120
2.7599e+08	-57.806	-57.806	0.13673	0.60318	0.1417	0.58322	-57.806	-120
2.8458e+08	-58.719	-58.719	0.14497	0.63303	0.15388	0.63644	-58.719	-120
2.9316e+08	-58.001	-58.001	0.13545	0.53477	0.14588	0.42956	-58.001	-120
3.0175e+08	-59.049	-59.049	0.14334	0.64053	0.14819	0.56912	-59.049	-120
3.1034e+08	-59.211	-59.211	0.15049	0.505	0.15012	0.47941	-59.211	-120
3.1892e+08	-58.415	-58.415	0.14985	0.60004	0.15556	0.55417	-58.415	-120
3.2751e+08	-58.474	-58.474	0.13398	0.55238	0.13658	0.49625	-58.474	-120
3.361e+08	-58.493	-58.493	0.13845	0.61888	0.14191	0.59533	-58.493	-120
3.4469e+08	-57.727	-57.727	0.15396	0.61639	0.1662	0.58627	-57.727	-120
3.5328e+08	-58.761	-58.761	0.15969	0.64471	0.16429	0.62241	-58.761	-120
3.6186e+08	-59.457	-59.457	0.13797	0.5939	0.14273	0.54528	-59.457	-120
3.7045e+08	-58.753	-58.753	0.12185	0.55162	0.1246	0.54512	-58.753	-120
3.7904e+08	-60.506	-60.506	0.12867	0.5894	0.12725	0.56036	-60.506	-120
3.8762e+08	-61.319	-61.319	0.15152	0.60274	0.15082	0.59213	-61.319	-120
3.9621e+08	-62.758	-62.758	0.16645	0.596	0.16963	0.53531	-62.758	-120
4.048e+08	-60.488	-60.488	0.16127	0.59337	0.1631	0.56447	-60.488	-120
4.1339e+08	-62.68	-62.68	0.1728	0.67486	0.17653	0.6211	-62.68	-120
4.2198e+08	-63.988	-63.988	0.16085	0.59076	0.16438	0.56086	-63.988	-120
4.3056e+08	-63.482	-63.482	0.16935	0.61788	0.1757	0.55162	-63.482	-120
4.3915e+08	-63.554	-63.554	0.17037	0.57097	0.17324	0.52674	-63.554	-120
4.4774e+08	-62.729	-62.729	0.16585	0.70256	0.16644	0.63864	-62.729	-120
4.5632e+08	-63.182	-63.182	0.16413	0.63101	0.16401	0.55883	-63.182	-120
4.6491e+08	-62.284	-62.284	0.17104	0.628	0.1743	0.56661	-62.284	-120
4.735e+08	-63.472	-63.472	0.16865	0.60621	0.16669	0.5478	-63.472	-120
4.8209e+08	-63.44	-63.44	0.17084	0.60593	0.17339	0.54977	-63.44	-120
4.9068e+08	-63.877	-63.877	0.18302	0.70513	0.18497	0.66224	-63.877	-120
4.9926e+08	-64.791	-64.791	0.17378	0.64115	0.17657	0.59505	-64.791	-120
5.0785e+08	-62.143	-62.143	0.18107	0.61302	0.17826	0.57347	-62.143	-120
5.1644e+08	-60.824	-60.824	0.19063	0.63996	0.19276	0.6046	-60.824	-120
5.2502e+08	-59.693	-59.693	0.1735	0.69424	0.18219	0.65816	-59.693	-120
5.3361e+08	-59.058	-59.058	0.18399	0.67905	0.18247	0.58961	-59.058	-120
5.422e+08	-58.866	-58.866	0.18111	0.71086	0.18919	0.62677	-58.866	-120
5.5079e+08	-57.852	-57.852	0.19406	0.71071	0.20042	0.58212	-57.852	-120
5.5938e+08	-58.285	-58.285	0.18975	0.65446	0.19046	0.57194	-58.285	-120
5.6796e+08	-57.591	-57.591	0.17018	0.71915	0.17524	0.64745	-57.591	-120
5.7655e+08	-57.419	-57.419	0.16018	0.75345	0.15901	0.71085	-57.419	-120
5.8514e+08	-58.317	-58.317	0.15837	0.65977	0.15888	0.55952	-58.317	-120
5.9372e+08	-57.484	-57.484	0.17753	0.61092	0.17452	0.52087	-57.484	-120
6.0231e+08	-58.111	-58.111	0.21132	0.75709	0.21516	0.69892	-58.111	-120
6.109e+08	-59.872	-59.872	0.18387	0.70418	0.18675	0.59856	-59.872	-120
6.1949e+08	-61.046	-61.046	0.17595	0.69987	0.17856	0.61328	-61.046	-120
6.2808e+08	-60.703	-60.703	0.18633	0.65313	0.18325	0.58479	-60.703	-120
6.3666e+08	-64.924	-64.924	0.18701	0.67621	0.18658	0.55769	-64.924	-120
6.4525e+08	-63.165	-63.165	0.18487	0.71678	0.18922	0.63937	-63.165	-120
6.5384e+08	-62.846	-62.846	0.15342	0.61372	0.1566	0.52107	-62.846	-120
6.6242e+08	-61.92	-61.92	0.18408	0.71997	0.18989	0.67977	-61.92	-120
6.7101e+08	-60.024	-60.024	0.19308	0.70399	0.19469	0.62308	-60.024	-120
6.796e+08	-57.458	-57.458	0.19282	0.64213	0.19431	0.55434	-57.458	-120
6.8819e+08	-57.017	-57.017	0.1812	0.7068	0.17741	0.66331	-57.017	-120
6.9678e+08	-56.029	-56.029	0.18249	0.6831	0.17808	0.61046	-56.029	-120
7.0536e+08	-56.528	-56.528	0.18159	0.69345	0.18488	0.60329	-56.528	-120
7.1395e+08	-55.532	-55.532	0.20842	0.68882	0.20699	0.63614	-55.532	-120
7.2254e+08	-55.088	-55.088	0.18883	0.72369	0.18616	0.63062	-55.088	-120
7.3112e+08	-56.116	-56.116	0.19855	0.81743	0.1957	0.74497	-56.116	-120
7.3971e+08	-56.896	-56.896	0.20421	0.72378	0.20009	0.6626	-56.896	-120
7.483e+08	-57.128	-57.128	0.19224	0.71382	0.1851	0.61622	-57.128	-120
7.5689e+08	-57.642	-57.642	0.21665	0.73531	0.2126	0.58218	-57.642	-120
7.6548e+08	-58.566	-58.566	0.18813	0.68654	0.18485	0.59449	-58.566	-120
7.7406e+08	-59.436	-59.436	0.19745	0.74773	0.19007	0.61231	-59.436	-120
7.8265e+08	-60.503	-60.503	0.19887	0.68651	0.19808	0.6527	-60.503	-120
7.9124e+08	-59.985	-59.985	0.17944	0.72255	0.1837	0.63657	-59.985	-120
7.9982e+08	-60.341	-60.341	0.19622	0.68942	0.19156	0.59421	-60.341	-120
8.0841e+08	-58.028	-58.028	0.17726	0.67374	0.17199	0.57029	-58.028	-120
8.17e+08	-57.866	-57.866	0.17626	0.58869	0.17338	0.50755	-57.866	-120
8.2559e+08	-57.012	-57.012	0.17679	0.64014	0.18054	0.52119	-57.012	-120
8.3418e+08	-56.121	-56.121	0.16864	0.56912	0.17129	0.46631	-56.121	-120
8.4276e+08	-55.072	-55.072	0.15461	0.67146	0.15817	0.5377	-55.072	-120
8.5135e+08	-55.934	-55.934	0.15745	0.68172	0.15853	0.51335	-55.934	-120
8.5994e+08	-56.327	-56.327	0.1923	0.70266	0.18841	0.59321	-56.327	-120
8.6852e+08	-56.716	-56.716	0.17768	0.60135	0.17907	0.48639	-56.716	-120
8.7711e+08	-58.91	-58.91	0.16131	0.7359	0.16363	0.62693	-58.91	-120
8.857e+08	-59.623	-59.623	0.15628	0.71343	0.15483	0.59756	-59.623	-120
8.9429e+08	-61.873	-61.873	0.15426	0.70912	0.15689	0.60298	-61.873	-120
9.0288e+08	-62.137	-62.137	0.14471	0.6525	0.14178	0.56516	-62.137	-120
9.1146e+08	-59.647	-59.647	0.1623	0.69065	0.15354	0.60576	-59.647	-120
9.2005e+08	-58.679	-58.679	0.15604	0.63992	0.15403	0.57867	-58.679	-120
9.2864e+08	-57.679	-57.679	0.1676	0.67275	0.17057	0.56108	-57.679	-120
9.3722e+08	-57.675	-57.675	0.17933	0.55411	0.17818	0.43163	-57.675	-120
9.4581e+08	-56.529	-56.529	0.17298	0.78319	0.17048	0.62364	-56.529	-120
9.544e+08	-56.045	-56.045	0.16934	0.63436	0.167	0.50444	-56.045	-120
9.6299e+08	-56.535	-56.535	0.16264	0.66076	0.16361	0.51709	-56.535	-120
9.7158e+08	-56.165	-56.165	0.2033	0.77103	0.19862	0.67521	-56.165	-120
9.8016e+08	-56.262	-56.262	0.18438	0.6638	0.17944	0.55592	-56.262	-120
9.8875e+08	-56.697	-56.697	0.18884	0.65735	0.19263	0.58079	-56.697	-120
9.9734e+08	-57.211	-57.211	0.19764	0.69961	0.19613	0.60276	-57.211	-120
1.0059e+09	-58.106	-58.106	0.19713	0.65137	0.19208	0.54562	-58.106	-120
1.0145e+09	-58.271	-58.271	0.16056	0.61218	0.15641	0.42246	-58.271	-120
1.0231e+09	-60.431	-60.431	0.15338	0.63669	0.15445	0.50944	-60.431	-120
1.0317e+09	-60.297	-60.297	0.15693	0.67782	0.15888	0.55842	-60.297	-120
1.0403e+09	-63.346	-63.346	0.13683	0.58514	0.13562	0.43307	-63.346	-120
1.0489e+09	-61.086	-61.086	0.14012	0.56677	0.13473	0.4074	-61.086	-120
1.0574e+09	-59.297	-59.297	0.12827	0.55294	0.12621	0.44261	-59.297	-120
1.066e+09	-57.672	-57.672	0.15388	0.60935	0.15086	0.51182	-57.672	-120
1.0746e+09	-57.002	-57.002	0.15332	0.60053	0.14684	0.47322	-57.002	-120
1.0832e+09	-56.197	-56.197	0.16706	0.6265	0.16002	0.50349	-56.197	-120
1.0918e+09	-55.377	-55.377	0.15641	0.59914	0.15405	0.46023	-55.377	-120
1.1004e+09	-55.968	-55.968	0.14727	0.59881	0.14411	0.50465	-55.968	-120
1.109e+09	-55.347	-55.347	0.14722	0.57278	0.15006	0.4347	-55.347	-120
1.1176e+09	-55.346	-55.346	0.14646	0.62214	0.14235	0.51949	-55.346	-120
1.1262e+09	-56.068	-56.068	0.16015	0.63641	0.15548	0.51142	-56.068	-120
1.1347e+09	-57.741	-57.741	0.1719	0.59889	0.17286	0.48261	-57.741	-120
1.1433e+09	-58.064	-58.064	0.15271	0.64848	0.14796	0.48942	-58.064	-120
1.1519e+09	-60.955	-60.955	0.16368	0.69955	0.15925	0.58824	-60.955	-120
1.1605e+09	-62.107	-62.107	0.16544	0.63507	0.16156	0.53939	-62.107	-120
1.1691e+09	-62.962	-62.962	0.14892	0.62207	0.14662	0.46482	-62.962	-120
1.1777e+09	-62.213	-62.213	0.16046	0.64306	0.15574	0.50654	-62.213	-120
1.1863e+09	-62.792	-62.792	0.16051	0.58443	0.15869	0.45674	-62.792	-120
1.1948e+09	-61.955	-61.955	0.14915	0.66062	0.14544	0.5042	-61.955	-120
1.2034e+09	-60.86	-60.86	0.15591	0.70477	0.1552	0.67044	-60.86	-120
1.212e+09	-59.632	-59.632	0.16577	0.6951	0.16517	0.52806	-59.632	-120
1.2206e+09	-57.645	-57.645	0.15357	0.63698	0.14646	0.50515	-57.645	-120
1.2292e+09	-57.29	-57.29	0.14071	0.58135	0.13665	0.43981	-57.29	-120
1.2378e+09	-57.508	-57.508	0.13196	0.57819	0.12217	0.45756	-57.508	-120
1.2464e+09	-57.564	-57.564	0.12557	0.58919	0.11809	0.47243	-57.564	-120
1.255e+09	-56.306	-56.306	0.12987	0.66282	0.12709	0.51022	-56.306	-120
1.2636e+09	-57.487	-57.487	0.13172	0.71453	0.12005	0.54321	-57.487	-120
1.2721e+09	-59.705	-59.705	0.13885	0.63141	0.1396	0.46106	-59.705	-120
1.2807e+09	-60.909	-60.909	0.14546	0.63875	0.13197	0.51514	-60.909	-120
1.2893e+09	-62.138	-62.138	0.14848	0.67711	0.14937	0.56378	-62.138	-120
1.2979e+09	-58.892	-58.892	0.14563	0.64291	0.14282	0.4779	-58.892	-120
1.3065e+09	-58.526	-58.526	0.14188	0.63682	0.13179	0.54291	-58.526	-120
1.3151e+09	-57.349	-57.349	0.13535	0.53417	0.12824	0.40387	-57.349	-120
1.3237e+09	-58.281	-58.281	0.15448	0.63974	0.15544	0.53044	-58.281	-120
1.3322e+09	-57.906	-57.906	0.13821	0.68116	0.13452	0.52073	-57.906	-120
1.3408e+09	-56.744	-56.744	0.15067	0.66608	0.14208	0.47781	-56.744	-120
1.3494e+09	-57.143	-57.143	0.17358	0.6453	0.16507	0.53028	-57.143	-120
1.358e+09	-56.615	-56.615	0.14556	0.5786	0.1362	0.46509	-56.615	-120
1.3666e+09	-56.45	-56.45	0.15434	0.64558	0.15287	0.55182	-56.45	-120
1.3752e+09	-56.549	-56.549	0.15743	0.61694	0.15043	0.47528	-56.549	-120
1.3838e+09	-57.154	-57.154	0.1707	0.71548	0.16752	0.56111	-57.154	-120
1.3924e+09	-57.377	-57.377	0.16262	0.69894	0.15245	0.58709	-57.377	-120
1.401e+09	-59.422	-59.422	0.161	0.61891	0.15492	0.48312	-59.422	-120
1.4095e+09	-59.382	-59.382	0.14594	0.65832	0.13986	0.55546	-59.382	-120
1.4181e+09	-58.787	-58.787	0.14993	0.62486	0.14366	0.49095	-58.787	-120
1.4267e+09	-57.141	-57.141	0.14938	0.6077	0.142	0.43155	-57.141	-120
1.4353e+09	-57.157	-57.157	0.16678	0.67007	0.16343	0.47094	-57.157	-120
1.4439e+09	-57.083	-57.083	0.12734	0.56603	0.12534	0.44156	-57.083	-120
1.4525e+09	-56.972	-56.972	0.15013	0.68604	0.14779	0.5354	-56.972	-120
1.4611e+09	-58.481	-58.481	0.13289	0.6302	0.12656	0.49975	-58.481	-120
1.4696e+09	-57.63	-57.63	0.14454	0.63966	0.1417	0.49923	-57.63	-120
1.4782e+09	-57.935	-57.935	0.12634	0.62207	0.12613	0.48982	-57.935	-120
1.4868e+09	-57.171	-57.171	0.13482	0.70022	0.12824	0.52629	-57.171	-120
1.4954e+09	-57.781	-57.781	0.13903	0.635	0.13412	0.45613	-57.781	-120
1.504e+09	-57.249	-57.249	0.14798	0.65012	0.14239	0.48161	-57.249	-120
1.5126e+09	-57.949	-57.949	0.13619	0.66603	0.12946	0.4708	-57.949	-120
1.5212e+09	-56.362	-56.362	0.1652	0.67054	0.15679	0.47713	-56.362	-120
1.5298e+09	-56.541	-56.541	0.16607	0.69727	0.15753	0.54436	-56.541	-120
1.5384e+09	-56.702	-56.702	0.17628	0.72312	0.16597	0.54201	-56.702	-120
1.5469e+09	-56.231	-56.231	0.16757	0.81368	0.1615	0.62257	-56.231	-120
1.5555e+09	-55.727	-55.727	0.16477	0.69266	0.15621	0.52775	-55.727	-120
1.5641e+09	-56.954	-56.954	0.19415	0.72298	0.18352	0.51029	-56.954	-120
1.5727e+09	-57.62	-57.62	0.16561	0.68497	0.162	0.50921	-57.62	-120
1.5813e+09	-58.027	-58.027	0.17743	0.75606	0.15957	0.59228	-58.027	-120
1.5899e+09	-59.404	-59.404	0.18121	0.68052	0.1739	0.52	-59.404	-120
1.5985e+09	-60.831	-60.831	0.14882	0.66269	0.14047	0.56266	-60.831	-120
1.607e+09	-62.364	-62.364	0.15262	0.63736	0.14503	0.45964	-62.364	-120
1.6156e+09	-63.014	-63.014	0.14729	0.62039	0.14098	0.52375	-63.014	-120
1.6242e+09	-63.573	-63.573	0.1373	0.67793	0.12876	0.51119	-63.573	-120
1.6328e+09	-62.208	-62.208	0.16256	0.66929	0.15751	0.48167	-62.208	-120
1.6414e+09	-59.586	-59.586	0.16905	0.63061	0.16285	0.4909	-59.586	-120
1.65e+09	-58.611	-58.611	0.16939	0.75122	0.15641	0.6025	-58.611	-120
1.6586e+09	-57.339	-57.339	0.15759	0.76742	0.14863	0.61613	-57.339	-120
1.6672e+09	-56.94	-56.94	0.1543	0.63512	0.14829	0.43766	-56.94	-120
1.6758e+09	-56.468	-56.468	0.16746	0.63244	0.15966	0.47278	-56.468	-120
1.6843e+09	-57.118	-57.118	0.15432	0.62033	0.14055	0.44451	-57.118	-120
1.6929e+09	-56.346	-56.346	0.15391	0.57624	0.14188	0.4449	-56.346	-120
1.7015e+09	-57.681	-57.681	0.15325	0.61204	0.14706	0.43023	-57.681	-120
1.7101e+09	-57.617	-57.617	0.1496	0.59669	0.1424	0.43825	-57.617	-120
1.7187e+09	-56.267	-56.267	0.16516	0.66237	0.156	0.46619	-56.267	-120
1.7273e+09	-56.514	-56.514	0.1532	0.60564	0.14449	0.45166	-56.514	-120
1.7359e+09	-56.595	-56.595	0.15298	0.62425	0.14692	0.44039	-56.595	-120
1.7444e+09	-56.159	-56.159	0.16995	0.60709	0.16111	0.43884	-56.159	-120
1.753e+09	-56.827	-56.827	0.17142	0.70437	0.1646	0.5551	-56.827	-120
1.7616e+09	-56.862	-56.862	0.15872	0.664	0.14481	0.50071	-56.862	-120
1.7702e+09	-58.077	-58.077	0.1598	0.63206	0.15638	0.48298	-58.077	-120
1.7788e+09	-58.746	-58.746	0.27028	0.90617	0.26512	0.70373	-58.746	-120
1.7874e+09	-57.229	-57.229	0.23928	0.84884	0.23667	0.66011	-57.229	-120
1.796e+09	-56.897	-56.897	0.22863	0.74416	0.22046	0.56467	-56.897	-120
1.8046e+09	-56.197	-56.197	0.16065	0.64494	0.1478	0.43191	-56.197	-120
1.8132e+09	-56.291	-56.291	0.2297	0.87088	0.22012	0.6959	-56.291	-120
1.8217e+09	-55.566	-55.566	0.27726	0.95551	0.26702	0.77326	-55.566	-120
1.8303e+09	-55.83	-55.83	0.24193	0.78923	0.24206	0.62259	-55.83	-120
1.8389e+09	-56.254	-56.254	0.15751	0.7055	0.15661	0.57155	-56.254	-120
1.8475e+09	-55.582	-55.582	0.16665	0.72696	0.16273	0.55324	-55.582	-120
1.8561e+09	-55.189	-55.189	0.1555	0.69397	0.14959	0.49493	-55.189	-120
1.8647e+09	-56.464	-56.464	0.16149	0.60522	0.15293	0.3817	-56.464	-120
1.8733e+09	-56.787	-56.787	0.15215	0.71688	0.14478	0.58032	-56.787	-120
1.8818e+09	-58.149	-58.149	0.15035	0.6941	0.13425	0.52308	-58.149	-120
1.8904e+09	-57.944	-57.944	0.15473	0.6712	0.14401	0.51559	-57.944	-120
1.899e+09	-60.434	-60.434	0.13225	0.61605	0.11715	0.43797	-60.434	-120
1.9076e+09	-58.698	-58.698	0.14044	0.64909	0.1329	0.43585	-58.698	-120
1.9162e+09	-56.454	-56.454	0.15857	0.64185	0.1492	0.45312	-56.454	-120
1.9248e+09	-55.591	-55.591	0.17233	0.72904	0.16787	0.53674	-55.591	-120
1.9334e+09	-55.113	-55.113	0.16957	0.72605	0.15728	0.47465	-55.113	-120
1.942e+09	-54.658	-54.658	0.16161	0.6882	0.15592	0.48577	-54.658	-120
1.9506e+09	-54.719	-54.719	0.15544	0.69498	0.14725	0.49325	-54.719	-120
1.9591e+09	-54.895	-54.895	0.13517	0.6673	0.12218	0.4557	-54.895	-120
1.9677e+09	-55.289	-55.289	0.14991	0.69494	0.13691	0.54575	-55.289	-120
1.9763e+09	-55.596	-55.596	0.14772	0.71617	0.13508	0.48924	-55.596	-120
1.9849e+09	-56.254	-56.254	0.17006	0.66153	0.15574	0.46418	-56.254	-120
1.9935e+09	-56.954	-56.954	0.14519	0.68494	0.13045	0.51518	-56.954	-120
2.0021e+09	-56.892	-56.892	0.15914	0.66885	0.14495	0.51816	-56.892	-120
2.0107e+09	-56.996	-56.996	0.15767	0.64813	0.1467	0.48622	-56.996	-120
2.0192e+09	-58.251	-58.251	0.13256	0.67832	0.12117	0.55678	-58.251	-120
2.0278e+09	-59.598	-59.598	0.15191	0.66106	0.13955	0.45068	-59.598	-120
2.0364e+09	-58.424	-58.424	0.15169	0.62093	0.14151	0.51031	-58.424	-120
2.045e+09	-57.368	-57.368	0.15633	0.67542	0.14559	0.54897	-57.368	-120
2.0536e+09	-56.011	-56.011	0.16177	0.71822	0.15261	0.50812	-56.011	-120
2.0622e+09	-55.031	-55.031	0.17085	0.66464	0.15571	0.46528	-55.031	-120
2.0708e+09	-55.598	-55.598	0.15699	0.6744	0.14856	0.46171	-55.598	-120
2.0794e+09	-56.333	-56.333	0.16475	0.61807	0.15501	0.42319	-56.333	-120
2.088e+09	-56.152	-56.152	0.17384	0.71056	0.16487	0.47327	-56.152	-120
2.0965e+09	-56.094	-56.094	0.17647	0.63893	0.171	0.42013	-56.094	-120
2.1051e+09	-55.339	-55.339	0.16469	0.73038	0.14707	0.54014	-55.339	-120
2.1137e+09	-55.166	-55.166	0.16208	0.65083	0.15399	0.46864	-55.166	-120
2.1223e+09	-55.165	-55.165	0.17174	0.65041	0.15946	0.50481	-55.165	-120
2.1309e+09	-56.337	-56.337	0.16883	0.58902	0.16921	0.39451	-56.337	-120
2.1395e+09	-56.584	-56.584	0.15461	0.65564	0.14273	0.49371	-56.584	-120
2.1481e+09	-57.706	-57.706	0.18826	0.70795	0.18156	0.5457	-57.706	-120
2.1566e+09	-57.103	-57.103	0.19549	0.70377	0.1946	0.50695	-57.103	-120
2.1652e+09	-57.105	-57.105	0.18303	0.69391	0.17335	0.47293	-57.105	-120
2.1738e+09	-56.267	-56.267	0.18705	0.63651	0.18328	0.43572	-56.267	-120
2.1824e+09	-55.679	-55.679	0.19592	0.65739	0.18788	0.49119	-55.679	-120
2.191e+09	-55.687	-55.687	0.19302	0.66367	0.19346	0.4793	-55.687	-120
2.1996e+09	-56.109	-56.109	0.20733	0.73963	0.20038	0.57961	-56.109	-120
2.2082e+09	-56.83	-56.83	0.1832	0.70317	0.17642	0.4554	-56.83	-120
2.2168e+09	-57.077	-57.077	0.16548	0.64992	0.15567	0.46262	-57.077	-120
2.2254e+09	-56.003	-56.003	0.17057	0.72887	0.16488	0.46756	-56.003	-120
2.2339e+09	-56.313	-56.313	0.16821	0.73333	0.15188	0.52231	-56.313	-120
2.2425e+09	-55.456	-55.456	0.18143	0.67381	0.17614	0.4821	-55.456	-120
2.2511e+09	-56.642	-56.642	0.16536	0.69525	0.16657	0.45815	-56.642	-120
2.2597e+09	-56.297	-56.297	0.17319	0.71808	0.16135	0.4987	-56.297	-120
2.2683e+09	-56.308	-56.308	0.18844	0.73713	0.17871	0.51956	-56.308	-120
2.2769e+09	-57.413	-57.413	0.17556	0.83009	0.16603	0.57921	-57.413	-120
2.2855e+09	-58.355	-58.355	0.21262	0.76503	0.2009	0.59035	-58.355	-120
2.294e+09	-59.125	-59.125	0.17248	0.67258	0.16576	0.50481	-59.125	-120
2.3026e+09	-57.968	-57.968	0.17196	0.67531	0.16232	0.47447	-57.968	-120
2.3112e+09	-56.991	-56.991	0.14553	0.70649	0.13811	0.5418	-56.991	-120
2.3198e+09	-56.577	-56.577	0.14909	0.71226	0.13605	0.50297	-56.577	-120
2.3284e+09	-55.264	-55.264	0.1733	0.70842	0.15632	0.51025	-55.264	-120
2.337e+09	-54.831	-54.831	0.17581	0.6935	0.1646	0.48336	-54.831	-120
2.3456e+09	-54.489	-54.489	0.19071	0.6959	0.17833	0.50911	-54.489	-120
2.3542e+09	-54.295	-54.295	0.19839	0.73872	0.1778	0.54028	-54.295	-120
2.3628e+09	-53.967	-53.967	0.18554	0.74774	0.1732	0.58907	-53.967	-120
2.3713e+09	-54.071	-54.071	0.19182	0.70012	0.17718	0.54304	-54.071	-120
2.3799e+09	-54.021	-54.021	0.19183	0.67969	0.17538	0.4691	-54.021	-120
2.3885e+09	-54.245	-54.245	0.19034	0.66506	0.17778	0.45628	-54.245	-120
2.3971e+09	-54.648	-54.648	0.18481	0.70677	0.16647	0.50273	-54.648	-120
2.4057e+09	-55.891	-55.891	0.18361	0.68925	0.16538	0.4914	-55.891	-120
2.4143e+09	-56.331	-56.331	0.18588	0.75406	0.17425	0.59833	-56.331	-120
2.4229e+09	-55.474	-55.474	0.18806	0.7271	0.17397	0.56528	-55.474	-120
2.4314e+09	-54.868	-54.868	0.19058	0.70476	0.17267	0.54031	-54.868	-120
2.44e+09	-54.601	-54.601	0.22543	0.81931	0.21267	0.58404	-54.601	-120
2.4486e+09	-54.627	-54.627	0.18761	0.66176	0.16994	0.4984	-54.627	-120
2.4572e+09	-54.731	-54.731	0.19245	0.64568	0.1752	0.44121	-54.731	-120
2.4658e+09	-54.262	-54.262	0.17284	0.673	0.16066	0.47429	-54.262	-120
2.4744e+09	-54.937	-54.937	0.18443	0.67378	0.17483	0.51164	-54.937	-120
2.483e+09	-54.198	-54.198	0.17991	0.72069	0.16786	0.53804	-54.198	-120
2.4916e+09	-54.708	-54.708	0.17805	0.66377	0.16263	0.47418	-54.708	-120
2.5002e+09	-55.837	-55.837	0.16114	0.67504	0.15294	0.43611	-55.837	-120
2.5087e+09	-56.583	-56.583	0.18116	0.67981	0.16549	0.47717	-56.583	-120
2.5173e+09	-57.093	-57.093	0.19463	0.69013	0.18445	0.53046	-57.093	-120
2.5259e+09	-58.531	-58.531	0.18449	0.69817	0.16977	0.48864	-58.531	-120
2.5345e+09	-57.489	-57.489	0.17868	0.74808	0.16893	0.53265	-57.489	-120
2.5431e+09	-56.411	-56.411	0.20709	0.77876	0.18562	0.59204	-56.411	-120
2.5517e+09	-56.161	-56.161	0.19951	0.61414	0.18503	0.42406	-56.161	-120
2.5603e+09	-56.344	-56.344	0.20652	0.76652	0.19212	0.53722	-56.344	-120
2.5688e+09	-56.26	-56.26	0.20274	0.72139	0.1817	0.47823	-56.26	-120
2.5774e+09	-56.425	-56.425	0.22083	0.79561	0.21161	0.55265	-56.425	-120
2.586e+09	-56.878	-56.878	0.20165	0.73866	0.19382	0.5281	-56.878	-120
2.5946e+09	-56.447	-56.447	0.20216	0.68063	0.19247	0.4553	-56.447	-120
2.6032e+09	-55.8	-55.8	0.16251	0.72349	0.14453	0.56426	-55.8	-120
2.6118e+09	-55.502	-55.502	0.18842	0.72345	0.17108	0.51414	-55.502	-120
2.6204e+09	-55.37	-55.37	0.18775	0.74639	0.17321	0.53106	-55.37	-120
2.629e+09	-55.369	-55.369	0.20003	0.71008	0.18768	0.47938	-55.369	-120
2.6376e+09	-56.091	-56.091	0.18309	0.72139	0.16968	0.53297	-56.091	-120
2.6461e+09	-55.884	-55.884	0.17856	0.6208	0.16293	0.42642	-55.884	-120
2.6547e+09	-54.207	-54.207	0.1851	0.66575	0.17428	0.4443	-54.207	-120
2.6633e+09	-53.351	-53.351	0.19443	0.75261	0.17966	0.54409	-53.351	-120
2.6719e+09	-51.998	-51.998	0.25455	0.80251	0.24013	0.57157	-51.998	-120
2.6805e+09	-51.34	-51.34	0.19073	0.70057	0.1796	0.49077	-51.34	-120
2.6891e+09	-51.644	-51.644	0.2129	0.69206	0.20825	0.44643	-51.644	-120
2.6977e+09	-52.205	-52.205	0.22144	0.78183	0.20676	0.56251	-52.205	-120
2.7062e+09	-51.852	-51.852	0.20911	0.72319	0.19323	0.43814	-51.852	-120
2.7148e+09	-52.873	-52.873	0.20631	0.7394	0.1932	0.51382	-52.873	-120
2.7234e+09	-54.036	-54.036	0.20753	0.71129	0.19159	0.47309	-54.036	-120
2.732e+09	-55.706	-55.706	0.21769	0.67872	0.20374	0.43979	-55.706	-120
2.7406e+09	-54.749	-54.749	0.239	0.83244	0.22348	0.58735	-54.749	-120
2.7492e+09	-55.122	-55.122	0.22149	0.71502	0.21076	0.47012	-55.122	-120
2.7578e+09	-53.614	-53.614	0.2603	0.85859	0.24943	0.5891	-53.614	-120
2.7664e+09	-54.55	-54.55	0.2272	0.75287	0.21322	0.50061	-54.55	-120
2.775e+09	-52.904	-52.904	0.25721	0.86682	0.24063	0.59375	-52.904	-120
2.7835e+09	-53.662	-53.662	0.2511	0.84466	0.23701	0.61417	-53.662	-120
2.7921e+09	-53.141	-53.141	0.27439	0.92207	0.26144	0.67272	-53.141	-120
2.8007e+09	-52.403	-52.403	0.25493	0.89425	0.24549	0.66764	-52.403	-120
2.8093e+09	-51.989	-51.989	0.23613	0.73053	0.21664	0.49918	-51.989	-120
2.8179e+09	-51.798	-51.798	0.22762	0.75499	0.20897	0.52415	-51.798	-120
2.8265e+09	-52.031	-52.031	0.23963	0.77136	0.22493	0.52868	-52.031	-120
2.8351e+09	-52.618	-52.618	0.25121	0.80443	0.23328	0.55907	-52.618	-120
2.8436e+09	-53.839	-53.839	0.26152	0.857	0.25298	0.61268	-53.839	-120
2.8522e+09	-52.729	-52.729	0.25287	0.79353	0.23846	0.54312	-52.729	-120
2.8608e+09	-52.592	-52.592	0.24231	0.79664	0.22346	0.51778	-52.592	-120
2.8694e+09	-52.38	-52.38	0.26873	0.91138	0.25478	0.72044	-52.38	-120
2.878e+09	-52.517	-52.517	0.25734	0.88525	0.2384	0.66764	-52.517	-120
2.8866e+09	-53.435	-53.435	0.25048	0.7202	0.23604	0.51921	-53.435	-120
2.8952e+09	-53.874	-53.874	0.26209	0.94472	0.2513	0.70906	-53.874	-120
2.9038e+09	-54.443	-54.443	0.2509	0.87537	0.24039	0.69208	-54.443	-120
2.9124e+09	-55.235	-55.235	0.3006	0.95105	0.28104	0.76225	-55.235	-120
2.9209e+09	-56.76	-56.76	0.22593	0.77896	0.21299	0.54086	-56.76	-120
2.9295e+09	-56.374	-56.374	0.30362	1.0424	0.28632	0.82344	-56.374	-120
2.9381e+09	-56.652	-56.652	0.31895	1.0566	0.29297	0.83784	-56.652	-120
2.9467e+09	-55.949	-55.949	0.31226	1.0025	0.29633	0.82478	-55.949	-120
2.9553e+09	-55.767	-55.767	0.23155	0.86166	0.22148	0.61422	-55.767	-120
2.9639e+09	-55.904	-55.904	0.22792	0.83499	0.21529	0.60387	-55.904	-120
2.9725e+09	-55.161	-55.161	0.23009	0.79383	0.21296	0.59076	-55.161	-120
2.981e+09	-54.355	-54.355	0.20963	0.71783	0.19308	0.5226	-54.355	-120
2.9896e+09	-53.533	-53.533	0.23272	0.66671	0.2174	0.47834	-53.533	-120
2.9982e+09	-54.304	-54.304	0.26667	0.91264	0.24977	0.66388	-54.304	-120
3.0068e+09	-54.06	-54.06	0.24508	0.81263	0.23424	0.5748	-54.06	-120
3.0154e+09	-54.789	-54.789	0.24598	0.79265	0.22754	0.52087	-54.789	-120
3.024e+09	-55.647	-55.647	0.25833	0.84087	0.24746	0.61675	-55.647	-120
3.0326e+09	-54.918	-54.918	0.3177	0.94339	0.30866	0.6877	-54.918	-120
3.0412e+09	-53.338	-53.338	0.26539	0.89015	0.25014	0.64084	-53.338	-120
3.0498e+09	-52.396	-52.396	0.22811	0.72741	0.2141	0.48582	-52.396	-120
3.0583e+09	-51.374	-51.374	0.26554	0.80859	0.25313	0.54895	-51.374	-120
3.0669e+09	-51.63	-51.63	0.26945	0.86939	0.25442	0.60213	-51.63	-120
3.0755e+09	-51.973	-51.973	0.26337	0.83419	0.2491	0.5777	-51.973	-120
3.0841e+09	-51.797	-51.797	0.29096	0.85915	0.27819	0.60632	-51.797	-120
3.0927e+09	-52.87	-52.87	0.28142	0.89085	0.27257	0.6686	-52.87	-120
3.1013e+09	-52.749	-52.749	0.27762	0.94226	0.25977	0.70087	-52.749	-120
3.1099e+09	-52.266	-52.266	0.26688	0.8102	0.2493	0.53248	-52.266	-120
3.1184e+09	-52.591	-52.591	0.26295	0.83196	0.24784	0.59013	-52.591	-120
3.127e+09	-52.185	-52.185	0.18471	0.70903	0.16632	0.46296	-52.185	-120
3.1356e+09	-51.616	-51.616	0.20076	0.66549	0.18569	0.45622	-51.616	-120
3.1442e+09	-50.825	-50.825	0.19277	0.72794	0.18395	0.46039	-50.825	-120
3.1528e+09	-49.669	-49.669	0.2348	0.77668	0.22383	0.53684	-49.669	-120
3.1614e+09	-48.891	-48.891	0.25354	0.76403	0.23851	0.46797	-48.891	-120
3.17e+09	-49.072	-49.072	0.24269	0.74795	0.23271	0.49724	-49.072	-120
3.1786e+09	-49.216	-49.216	0.23943	0.77814	0.21986	0.52102	-49.216	-120
3.1872e+09	-49.376	-49.376	0.23335	0.80357	0.22405	0.59326	-49.376	-120
3.1957e+09	-49.194	-49.194	0.2388	0.78439	0.22589	0.54201	-49.194	-120
3.2043e+09	-50.039	-50.039	0.22023	0.66549	0.20975	0.42126	-50.039	-120
3.2129e+09	-50.543	-50.543	0.22868	0.80271	0.21234	0.57008	-50.543	-120
3.2215e+09	-52.369	-52.369	0.21002	0.71043	0.19761	0.48676	-52.369	-120
3.2301e+09	-52.058	-52.058	0.23216	0.77903	0.21343	0.50775	-52.058	-120
3.2387e+09	-51.977	-51.977	0.24221	0.70712	0.22466	0.44005	-51.977	-120
3.2473e+09	-51.534	-51.534	0.22922	0.75829	0.22403	0.52622	-51.534	-120
3.2558e+09	-51.579	-51.579	0.18505	0.63172	0.16806	0.46427	-51.579	-120
3.2644e+09	-51.972	-51.972	0.15849	0.69254	0.14547	0.48128	-51.972	-120
3.273e+09	-52.448	-52.448	0.17033	0.71926	0.15178	0.55422	-52.448	-120
3.2816e+09	-52.769	-52.769	0.18419	0.66675	0.17148	0.46889	-52.769	-120
3.2902e+09	-52.592	-52.592	0.20128	0.701	0.18524	0.4914	-52.592	-120
3.2988e+09	-52.935	-52.935	0.19502	0.65058	0.18177	0.42283	-52.935	-120
3.3074e+09	-53.02	-53.02	0.19746	0.71743	0.18705	0.48398	-53.02	-120
3.316e+09	-53.173	-53.173	0.17455	0.69247	0.16052	0.46947	-53.173	-120
3.3246e+09	-52.956	-52.956	0.1914	0.67482	0.1767	0.44362	-52.956	-120
3.3331e+09	-53.509	-53.509	0.18342	0.62843	0.16548	0.40388	-53.509	-120
3.3417e+09	-54.703	-54.703	0.18133	0.65903	0.16808	0.42778	-54.703	-120
3.3503e+09	-55.812	-55.812	0.19514	0.67018	0.17897	0.42698	-55.812	-120
3.3589e+09	-55.754	-55.754	0.17408	0.71313	0.15568	0.4891	-55.754	-120
3.3675e+09	-55.085	-55.085	0.19258	0.70611	0.17474	0.49376	-55.085	-120
3.3761e+09	-53.547	-53.547	0.20872	0.71521	0.19506	0.49254	-53.547	-120
3.3847e+09	-50.76	-50.76	0.23607	0.78827	0.21911	0.55248	-50.76	-120
3.3932e+09	-49.743	-49.743	0.23298	0.79754	0.21855	0.55305	-49.743	-120
3.4018e+09	-48.675	-48.675	0.21919	0.79001	0.20564	0.53622	-48.675	-120
3.4104e+09	-48.524	-48.524	0.20097	0.74428	0.1899	0.52394	-48.524	-120
3.419e+09	-48.231	-48.231	0.19166	0.74035	0.17581	0.48449	-48.231	-120
3.4276e+09	-48.244	-48.244	0.17971	0.6441	0.16151	0.4143	-48.244	-120
3.4362e+09	-48.217	-48.217	0.20084	0.66183	0.18136	0.43304	-48.217	-120
3.4448e+09	-47.802	-47.802	0.23586	0.81686	0.21895	0.57118	-47.802	-120
3.4534e+09	-48.62	-48.62	0.23576	0.74917	0.21945	0.48949	-48.62	-120
3.462e+09	-49.855	-49.855	0.22551	0.79615	0.2045	0.55039	-49.855	-120
3.4705e+09	-49.893	-49.893	0.24113	0.77047	0.22437	0.54149	-49.893	-120
3.4791e+09	-49.895	-49.895	0.2128	0.70432	0.19475	0.44029	-49.895	-120
3.4877e+09	-50.044	-50.044	0.23513	0.78212	0.21824	0.52077	-50.044	-120
3.4963e+09	-50.458	-50.458	0.2076	0.7825	0.1883	0.555	-50.458	-120
3.5049e+09	-50.481	-50.481	0.20461	0.71326	0.19134	0.52101	-50.481	-120
3.5135e+09	-51.224	-51.224	0.21349	0.72021	0.20027	0.46651	-51.224	-120
3.5221e+09	-52.488	-52.488	0.19963	0.69287	0.18984	0.47095	-52.488	-120
3.5306e+09	-51.51	-51.51	0.21296	0.78132	0.19993	0.52273	-51.51	-120
3.5392e+09	-50.182	-50.182	0.19586	0.72509	0.1757	0.46545	-50.182	-120
3.5478e+09	-48.486	-48.486	0.20725	0.81371	0.19195	0.5587	-48.486	-120
3.5564e+09	-47.686	-47.686	0.19279	0.6587	0.17371	0.48608	-47.686	-120
3.565e+09	-47.546	-47.546	0.20206	0.64605	0.18257	0.4169	-47.546	-120
3.5736e+09	-47.363	-47.363	0.22914	0.75439	0.21525	0.52044	-47.363	-120
3.5822e+09	-47.76	-47.76	0.21653	0.7445	0.20306	0.47302	-47.76	-120
3.5908e+09	-47.904	-47.904	0.22149	0.78817	0.20253	0.56649	-47.904	-120
3.5994e+09	-49.324	-49.324	0.22496	0.81066	0.2137	0.60525	-49.324	-120
3.6079e+09	-51.38	-51.38	0.20146	0.64464	0.17986	0.43553	-51.38	-120
3.6165e+09	-52.039	-52.039	0.23608	0.72553	0.22269	0.51363	-52.039	-120
3.6251e+09	-52.552	-52.552	0.23565	0.74744	0.21811	0.50899	-52.552	-120
3.6337e+09	-53.439	-53.439	0.22353	0.81281	0.21504	0.54268	-53.439	-120
3.6423e+09	-54.257	-54.257	0.21092	0.73243	0.19996	0.51686	-54.257	-120
3.6509e+09	-55.026	-55.026	0.205	0.67079	0.1922	0.44497	-55.026	-120
3.6595e+09	-53.905	-53.905	0.19406	0.70836	0.17862	0.44021	-53.905	-120
3.668e+09	-52.467	-52.467	0.15664	0.63038	0.14457	0.38742	-52.467	-120
3.6766e+09	-49.886	-49.886	0.20113	0.73707	0.18094	0.49487	-49.886	-120
3.6852e+09	-49.309	-49.309	0.1957	0.69405	0.17833	0.47279	-49.309	-120
3.6938e+09	-48.735	-48.735	0.20741	0.65299	0.19521	0.41032	-48.735	-120
3.7024e+09	-48.775	-48.775	0.19752	0.71889	0.18446	0.44292	-48.775	-120
3.711e+09	-48.985	-48.985	0.20118	0.66423	0.1842	0.42519	-48.985	-120
3.7196e+09	-49.495	-49.495	0.19541	0.67858	0.17931	0.42963	-49.495	-120
3.7282e+09	-50.585	-50.585	0.18822	0.71717	0.17294	0.45678	-50.585	-120
3.7368e+09	-51.268	-51.268	0.18319	0.66438	0.17203	0.43998	-51.268	-120
3.7453e+09	-51.698	-51.698	0.18537	0.69214	0.17096	0.44167	-51.698	-120
3.7539e+09	-52.714	-52.714	0.19605	0.6602	0.18538	0.42639	-52.714	-120
3.7625e+09	-54.468	-54.468	0.1999	0.68363	0.18127	0.4513	-54.468	-120
3.7711e+09	-53.621	-53.621	0.17583	0.65099	0.16276	0.42458	-53.621	-120
3.7797e+09	-53.003	-53.003	0.17626	0.67936	0.15947	0.43071	-53.003	-120
3.7883e+09	-52.949	-52.949	0.17031	0.66018	0.1574	0.4141	-52.949	-120
3.7969e+09	-52.85	-52.85	0.18553	0.69671	0.17358	0.43981	-52.85	-120
3.8054e+09	-51.023	-51.023	0.20182	0.70587	0.1875	0.42552	-51.023	-120
3.814e+09	-49.931	-49.931	0.18189	0.64336	0.16414	0.45899	-49.931	-120
3.8226e+09	-49.501	-49.501	0.17558	0.71626	0.16439	0.47471	-49.501	-120
3.8312e+09	-49.142	-49.142	0.18284	0.63224	0.16949	0.39376	-49.142	-120
3.8398e+09	-49.029	-49.029	0.17709	0.77893	0.15978	0.4612	-49.029	-120
3.8484e+09	-48.895	-48.895	0.20157	0.69923	0.18697	0.48175	-48.895	-120
3.857e+09	-48.695	-48.695	0.18189	0.72632	0.16565	0.48061	-48.695	-120
3.8656e+09	-48.512	-48.512	0.18773	0.71775	0.1717	0.5073	-48.512	-120
3.8742e+09	-48.537	-48.537	0.17942	0.74532	0.16144	0.53748	-48.537	-120
3.8827e+09	-48.71	-48.71	0.18615	0.7433	0.16147	0.51485	-48.71	-120
3.8913e+09	-49.873	-49.873	0.20105	0.74463	0.18235	0.50028	-49.873	-120
3.8999e+09	-50.385	-50.385	0.19815	0.72772	0.17968	0.53511	-50.385	-120
3.9085e+09	-50.26	-50.26	0.17412	0.8284	0.1547	0.56389	-50.26	-120
3.9171e+09	-50.514	-50.514	0.18319	0.77025	0.16564	0.48513	-50.514	-120
3.9257e+09	-50.39	-50.39	0.18733	0.78563	0.16341	0.56999	-50.39	-120
3.9343e+09	-51.121	-51.121	0.18958	0.74424	0.17356	0.46615	-51.121	-120
3.9428e+09	-51.652	-51.652	0.1917	0.73799	0.18076	0.50942	-51.652	-120
3.9514e+09	-52.644	-52.644	0.17569	0.70842	0.16043	0.44524	-52.644	-120
3.96e+09	-51.715	-51.715	0.19128	0.67114	0.17287	0.48174	-51.715	-120
3.9686e+09	-50.703	-50.703	0.18178	0.61601	0.16443	0.42195	-50.703	-120
3.9772e+09	-49.428	-49.428	0.1688	0.66704	0.15462	0.44742	-49.428	-120
3.9858e+09	-48.381	-48.381	0.17507	0.7222	0.15197	0.4509	-48.381	-120
3.9944e+09	-47.656	-47.656	0.18712	0.67315	0.16842	0.46121	-47.656	-120
4.003e+09	-47.402	-47.402	0.20039	0.66536	0.18143	0.47381	-47.402	-120
4.0116e+09	-47.246	-47.246	0.20216	0.7548	0.17848	0.50888	-47.246	-120
4.0201e+09	-48.041	-48.041	0.19422	0.67952	0.17896	0.45485	-48.041	-120
4.0287e+09	-48	-48	0.19311	0.70195	0.17303	0.4595	-48	-120
4.0373e+09	-49.449	-49.449	0.18735	0.73383	0.17053	0.48766	-49.449	-120
4.0459e+09	-50.411	-50.411	0.19168	0.66327	0.17579	0.42003	-50.411	-120
4.0545e+09	-50.683	-50.683	0.20268	0.68997	0.1831	0.49628	-50.683	-120
4.0631e+09	-50.72	-50.72	0.22136	0.75814	0.20075	0.47266	-50.72	-120
4.0717e+09	-51.097	-51.097	0.1961	0.67706	0.17708	0.47792	-51.097	-120
4.0802e+09	-51.179	-51.179	0.20109	0.61529	0.18106	0.43215	-51.179	-120
4.0888e+09	-51.866	-51.866	0.20008	0.64405	0.17967	0.44936	-51.866	-120
4.0974e+09	-52.484	-52.484	0.23289	0.6996	0.2142	0.46168	-52.484	-120
4.106e+09	-52.475	-52.475	0.22945	0.73583	0.2092	0.45853	-52.475	-120
4.1146e+09	-51.733	-51.733	0.22527	0.73055	0.20551	0.45173	-51.733	-120
4.1232e+09	-50.943	-50.943	0.23024	0.69981	0.21804	0.43192	-50.943	-120
4.1318e+09	-50.59	-50.59	0.22727	0.67001	0.21406	0.49713	-50.59	-120
4.1404e+09	-51.144	-51.144	0.18279	0.63415	0.16791	0.43687	-51.144	-120
4.149e+09	-51.112	-51.112	0.18263	0.65286	0.16692	0.39301	-51.112	-120
4.1575e+09	-52.31	-52.31	0.17793	0.72682	0.16155	0.48633	-52.31	-120
4.1661e+09	-53.024	-53.024	0.18252	0.60359	0.16765	0.40143	-53.024	-120
4.1747e+09	-52.881	-52.881	0.1948	0.74234	0.18301	0.45199	-52.881	-120
4.1833e+09	-53.21	-53.21	0.21237	0.69107	0.19961	0.449	-53.21	-120
4.1919e+09	-52.839	-52.839	0.21067	0.71638	0.19609	0.48654	-52.839	-120
4.2005e+09	-53.08	-53.08	0.19982	0.71155	0.18624	0.44045	-53.08	-120
4.2091e+09	-52.753	-52.753	0.23476	0.72459	0.2161	0.41147	-52.753	-120
4.2176e+09	-52.705	-52.705	0.22108	0.72484	0.2019	0.43381	-52.705	-120
4.2262e+09	-52.187	-52.187	0.21621	0.74488	0.19439	0.4524	-52.187	-120
4.2348e+09	-51.029	-51.029	0.21326	0.71806	0.19367	0.53728	-51.029	-120
4.2434e+09	-49.784	-49.784	0.2066	0.6997	0.19001	0.4566	-49.784	-120
4.252e+09	-49.968	-49.968	0.21372	0.71897	0.19251	0.49015	-49.968	-120
4.2606e+09	-48.922	-48.922	0.21346	0.68966	0.19927	0.43759	-48.922	-120
4.2692e+09	-49.032	-49.032	0.22241	0.76721	0.20804	0.61468	-49.032	-120
4.2778e+09	-47.606	-47.606	0.21184	0.77958	0.1963	0.52499	-47.606	-120
4.2864e+09	-47.02	-47.02	0.20276	0.6771	0.18218	0.40457	-47.02	-120
4.2949e+09	-46.766	-46.766	0.215	0.66773	0.20006	0.38607	-46.766	-120
4.3035e+09	-46.766	-46.766	0.19412	0.78635	0.17909	0.58074	-46.766	-120
4.3121e+09	-47.294	-47.294	0.19913	0.65873	0.18914	0.43179	-47.294	-120
4.3207e+09	-47.261	-47.261	0.17986	0.72688	0.16194	0.47972	-47.261	-120
4.3293e+09	-47.64	-47.64	0.19373	0.64831	0.17231	0.45509	-47.64	-120
4.3379e+09	-48.692	-48.692	0.18222	0.64923	0.15698	0.42759	-48.692	-120
4.3465e+09	-49.417	-49.417	0.18782	0.7268	0.16507	0.48666	-49.417	-120
4.355e+09	-50.977	-50.977	0.19344	0.71149	0.17543	0.44178	-50.977	-120
4.3636e+09	-51.02	-51.02	0.19353	0.69744	0.17381	0.41672	-51.02	-120
4.3722e+09	-51.327	-51.327	0.20021	0.64818	0.18447	0.38071	-51.327	-120
4.3808e+09	-51.207	-51.207	0.18785	0.62944	0.16826	0.3901	-51.207	-120
4.3894e+09	-52.295	-52.295	0.19827	0.70256	0.18344	0.42214	-52.295	-120
4.398e+09	-52.887	-52.887	0.19004	0.67495	0.16863	0.43588	-52.887	-120
4.4066e+09	-52.848	-52.848	0.19028	0.66716	0.17824	0.42824	-52.848	-120
4.4152e+09	-51.031	-51.031	0.18946	0.68814	0.17374	0.45919	-51.031	-120
4.4238e+09	-49.851	-49.851	0.18437	0.6542	0.16822	0.43619	-49.851	-120
4.4323e+09	-49.387	-49.387	0.19009	0.61933	0.17157	0.38824	-49.387	-120
4.4409e+09	-48.693	-48.693	0.17806	0.6238	0.16304	0.39746	-48.693	-120
4.4495e+09	-48.842	-48.842	0.17768	0.66035	0.15836	0.41147	-48.842	-120
4.4581e+09	-49.404	-49.404	0.18528	0.70281	0.16495	0.43602	-49.404	-120
4.4667e+09	-50.09	-50.09	0.18317	0.67959	0.16353	0.38899	-50.09	-120
4.4753e+09	-51.707	-51.707	0.19911	0.57769	0.18063	0.36939	-51.707	-120
4.4839e+09	-52.531	-52.531	0.19016	0.70919	0.17453	0.5074	-52.531	-120
4.4924e+09	-52.94	-52.94	0.19456	0.63624	0.17528	0.38243	-52.94	-120
4.501e+09	-52.883	-52.883	0.18797	0.62341	0.171	0.36678	-52.883	-120
4.5096e+09	-53.34	-53.34	0.19479	0.66475	0.18072	0.45043	-53.34	-120
4.5182e+09	-52.131	-52.131	0.1804	0.69699	0.16657	0.46208	-52.131	-120
4.5268e+09	-50.597	-50.597	0.18035	0.66985	0.16161	0.4379	-50.597	-120
4.5354e+09	-49.014	-49.014	0.18163	0.63024	0.16771	0.40909	-49.014	-120
4.544e+09	-47.813	-47.813	0.18457	0.68064	0.1675	0.45989	-47.813	-120
4.5526e+09	-46.955	-46.955	0.18947	0.63792	0.16969	0.37554	-46.955	-120
4.5612e+09	-46.449	-46.449	0.18188	0.667	0.16705	0.41674	-46.449	-120
4.5697e+09	-46.135	-46.135	0.1791	0.66182	0.16268	0.42291	-46.135	-120
4.5783e+09	-46.558	-46.558	0.18327	0.63305	0.16191	0.4082	-46.558	-120
4.5869e+09	-47.038	-47.038	0.20484	0.64717	0.18458	0.39532	-47.038	-120
4.5955e+09	-47.411	-47.411	0.201	0.68963	0.1831	0.45449	-47.411	-120
4.6041e+09	-49.162	-49.162	0.19326	0.62117	0.17704	0.36777	-49.162	-120
4.6127e+09	-49.538	-49.538	0.19077	0.7127	0.17446	0.41943	-49.538	-120
4.6213e+09	-50.239	-50.239	0.19123	0.69736	0.17395	0.45053	-50.239	-120
4.6298e+09	-50.878	-50.878	0.18668	0.65237	0.16618	0.38894	-50.878	-120
4.6384e+09	-51.14	-51.14	0.23219	0.78928	0.20782	0.48022	-51.14	-120
4.647e+09	-52.732	-52.732	0.2131	0.62449	0.18765	0.43108	-52.732	-120
4.6556e+09	-52.001	-52.001	0.20349	0.71128	0.18899	0.50137	-52.001	-120
4.6642e+09	-50.617	-50.617	0.1902	0.68328	0.17546	0.40258	-50.617	-120
4.6728e+09	-48.396	-48.396	0.20431	0.65249	0.1809	0.42947	-48.396	-120
4.6814e+09	-47.345	-47.345	0.19875	0.66629	0.1847	0.50539	-47.345	-120
4.69e+09	-46.792	-46.792	0.20148	0.68395	0.19045	0.40157	-46.792	-120
4.6986e+09	-46.019	-46.019	0.20479	0.71729	0.18443	0.43979	-46.019	-120
4.7071e+09	-46.328	-46.328	0.19593	0.67186	0.17825	0.38681	-46.328	-120
4.7157e+09	-46.293	-46.293	0.19326	0.65342	0.17222	0.39745	-46.293	-120
4.7243e+09	-47.089	-47.089	0.2046	0.70762	0.18482	0.43771	-47.089	-120
4.7329e+09	-48.155	-48.155	0.19587	0.73477	0.17544	0.44477	-48.155	-120
4.7415e+09	-48.408	-48.408	0.20138	0.68393	0.18257	0.38607	-48.408	-120
4.7501e+09	-48.757	-48.757	0.19578	0.66016	0.17704	0.38099	-48.757	-120
4.7587e+09	-49.232	-49.232	0.20824	0.68818	0.18849	0.42058	-49.232	-120
4.7672e+09	-50.234	-50.234	0.19969	0.71056	0.18051	0.41128	-50.234	-120
4.7758e+09	-51.636	-51.636	0.20996	0.67875	0.19117	0.3915	-51.636	-120
4.7844e+09	-53.42	-53.42	0.19174	0.63746	0.17389	0.40575	-53.42	-120
4.793e+09	-52.884	-52.884	0.19655	0.69378	0.17588	0.47131	-52.884	-120
4.8016e+09	-51.093	-51.093	0.18087	0.63085	0.16127	0.38095	-51.093	-120
4.8102e+09	-49.659	-49.659	0.19425	0.71841	0.17242	0.38968	-49.659	-120
4.8188e+09	-48.879	-48.879	0.20179	0.67407	0.18234	0.39351	-48.879	-120
4.8274e+09	-48.304	-48.304	0.20379	0.65228	0.19018	0.31218	-48.304	-120
4.836e+09	-48.722	-48.722	0.17508	0.71138	0.15984	0.45954	-48.722	-120
4.8445e+09	-48.564	-48.564	0.21118	0.65481	0.19483	0.33346	-48.564	-120
4.8531e+09	-48.463	-48.463	0.20373	0.64249	0.17987	0.38751	-48.463	-120
4.8617e+09	-48.092	-48.092	0.21636	0.65765	0.19857	0.40307	-48.092	-120
4.8703e+09	-47.998	-47.998	0.20828	0.69995	0.18307	0.43587	-47.998	-120
4.8789e+09	-48.12	-48.12	0.19648	0.69633	0.17721	0.39298	-48.12	-120
4.8875e+09	-48.679	-48.679	0.18776	0.62848	0.16499	0.42643	-48.679	-120
4.8961e+09	-49.059	-49.059	0.1713	0.69886	0.15173	0.43094	-49.059	-120
4.9046e+09	-49.594	-49.594	0.17905	0.65659	0.15803	0.47181	-49.594	-120
4.9132e+09	-49.644	-49.644	0.20008	0.71333	0.17432	0.41517	-49.644	-120
4.9218e+09	-49.282	-49.282	0.18464	0.66199	0.16689	0.41011	-49.282	-120
4.9304e+09	-48.012	-48.012	0.19552	0.64411	0.17826	0.4013	-48.012	-120
4.939e+09	-46.898	-46.898	0.20517	0.77062	0.19136	0.51279	-46.898	-120
4.9476e+09	-46.3	-46.3	0.19098	0.70079	0.1699	0.49427	-46.3	-120
4.9562e+09	-46.106	-46.106	0.19573	0.71178	0.16982	0.5065	-46.106	-120
4.9648e+09	-45.934	-45.934	0.19103	0.71066	0.17382	0.49608	-45.934	-120
4.9734e+09	-46.173	-46.173	0.20657	0.64165	0.18734	0.40374	-46.173	-120
4.9819e+09	-46.991	-46.991	0.19986	0.64521	0.18116	0.44604	-46.991	-120
4.9905e+09	-47.22	-47.22	0.18161	0.64505	0.15971	0.46649	-47.22	-120
4.9991e+09	-47.641	-47.641	0.20328	0.66949	0.1787	0.44786	-47.641	-120
5.0077e+09	-48.167	-48.167	0.19272	0.66208	0.17213	0.43323	-48.167	-120
5.0163e+09	-49.1	-49.1	0.20763	0.6834	0.18993	0.4558	-49.1	-120
5.0249e+09	-49.608	-49.608	0.21156	0.63907	0.19315	0.46824	-49.608	-120
5.0335e+09	-50.565	-50.565	0.21093	0.6751	0.19446	0.49074	-50.565	-120
5.042e+09	-50.74	-50.74	0.20602	0.74273	0.18544	0.51342	-50.74	-120
5.0506e+09	-51.727	-51.727	0.20645	0.61796	0.18613	0.40885	-51.727	-120
5.0592e+09	-49.668	-49.668	0.20072	0.65345	0.18165	0.41672	-49.668	-120
5.0678e+09	-48.034	-48.034	0.21406	0.70999	0.19584	0.49821	-48.034	-120
5.0764e+09	-46.353	-46.353	0.23857	0.73659	0.21859	0.5283	-46.353	-120
5.085e+09	-46.091	-46.091	0.23499	0.78441	0.21647	0.56108	-46.091	-120
5.0936e+09	-46.574	-46.574	0.20386	0.69886	0.18387	0.49819	-46.574	-120
5.1022e+09	-46.776	-46.776	0.19628	0.67813	0.17295	0.43979	-46.776	-120
5.1108e+09	-46.686	-46.686	0.20925	0.68794	0.18853	0.50213	-46.686	-120
5.1193e+09	-46.478	-46.478	0.19641	0.62254	0.17658	0.41314	-46.478	-120
5.1279e+09	-46.868	-46.868	0.19316	0.64479	0.17693	0.43752	-46.868	-120
5.1365e+09	-47.544	-47.544	0.21134	0.6698	0.19354	0.51002	-47.544	-120
5.1451e+09	-47.347	-47.347	0.21329	0.67397	0.20082	0.48234	-47.347	-120
5.1537e+09	-47.435	-47.435	0.20288	0.70972	0.18353	0.46297	-47.435	-120
5.1623e+09	-47.706	-47.706	0.21266	0.71206	0.19302	0.50772	-47.706	-120
5.1709e+09	-48.491	-48.491	0.19815	0.69659	0.17878	0.50509	-48.491	-120
5.1794e+09	-49.668	-49.668	0.19105	0.77193	0.16695	0.51007	-49.668	-120
5.188e+09	-51.229	-51.229	0.20649	0.68397	0.1849	0.49078	-51.229	-120
5.1966e+09	-52.1	-52.1	0.19653	0.67168	0.18349	0.3819	-52.1	-120
5.2052e+09	-51.549	-51.549	0.18688	0.67858	0.1629	0.43984	-51.549	-120
5.2138e+09	-51.374	-51.374	0.20162	0.62523	0.18114	0.44368	-51.374	-120
5.2224e+09	-50.639	-50.639	0.19313	0.65325	0.16998	0.44449	-50.639	-120
5.231e+09	-49.507	-49.507	0.17533	0.67218	0.16121	0.36532	-49.507	-120
5.2396e+09	-48.986	-48.986	0.18104	0.60282	0.16123	0.34312	-48.986	-120
5.2482e+09	-48.967	-48.967	0.19926	0.69476	0.1791	0.45587	-48.967	-120
5.2567e+09	-49.579	-49.579	0.19231	0.64108	0.16944	0.40665	-49.579	-120
5.2653e+09	-49.567	-49.567	0.19272	0.67112	0.17202	0.39065	-49.567	-120
5.2739e+09	-49.244	-49.244	0.20101	0.67422	0.18076	0.43625	-49.244	-120
5.2825e+09	-49.467	-49.467	0.20452	0.62464	0.1851	0.29493	-49.467	-120
5.2911e+09	-49.636	-49.636	0.20502	0.68729	0.18483	0.41928	-49.636	-120
5.2997e+09	-50.398	-50.398	0.18703	0.65547	0.17504	0.36902	-50.398	-120
5.3083e+09	-51.794	-51.794	0.21135	0.6528	0.19322	0.39521	-51.794	-120
5.3168e+09	-51.291	-51.291	0.21528	0.65035	0.19765	0.44876	-51.291	-120
5.3254e+09	-50.774	-50.774	0.23016	0.71316	0.2097	0.46372	-50.774	-120
5.334e+09	-50.454	-50.454	0.2247	0.71825	0.20455	0.54361	-50.454	-120
5.3426e+09	-50.61	-50.61	0.2193	0.76653	0.20245	0.52555	-50.61	-120
5.3512e+09	-48.782	-48.782	0.20105	0.73565	0.17431	0.49799	-48.782	-120
5.3598e+09	-48.198	-48.198	0.22983	0.7399	0.20969	0.51314	-48.198	-120
5.3684e+09	-47.886	-47.886	0.22422	0.67092	0.20347	0.44582	-47.886	-120
5.377e+09	-47.65	-47.65	0.2225	0.75526	0.19792	0.52149	-47.65	-120
5.3856e+09	-47.828	-47.828	0.23115	0.7196	0.20877	0.52032	-47.828	-120
5.3941e+09	-48.495	-48.495	0.22232	0.68664	0.20449	0.46883	-48.495	-120
5.4027e+09	-49.437	-49.437	0.21614	0.67371	0.19728	0.43316	-49.437	-120
5.4113e+09	-50.357	-50.357	0.20276	0.65525	0.1797	0.41372	-50.357	-120
5.4199e+09	-50.556	-50.556	0.20283	0.69281	0.18251	0.47174	-50.556	-120
5.4285e+09	-51.14	-51.14	0.21944	0.73868	0.19645	0.49244	-51.14	-120
5.4371e+09	-51.939	-51.939	0.21855	0.73223	0.19333	0.52274	-51.939	-120
5.4457e+09	-51.695	-51.695	0.21008	0.6713	0.18993	0.45342	-51.695	-120
5.4542e+09	-52.355	-52.355	0.22436	0.69871	0.20586	0.49679	-52.355	-120
5.4628e+09	-51.828	-51.828	0.21267	0.67005	0.19818	0.4553	-51.828	-120
5.4714e+09	-52.42	-52.42	0.21768	0.71426	0.19868	0.52377	-52.42	-120
5.48e+09	-51.32	-51.32	0.21021	0.7376	0.18834	0.54575	-51.32	-120
5.4886e+09	-50.162	-50.162	0.21634	0.75727	0.19695	0.50581	-50.162	-120
5.4972e+09	-49.773	-49.773	0.21739	0.7525	0.20323	0.55518	-49.773	-120
5.5058e+09	-49.271	-49.271	0.22659	0.72208	0.20607	0.42865	-49.271	-120
5.5144e+09	-49.425	-49.425	0.21988	0.79981	0.19809	0.50944	-49.425	-120
5.523e+09	-49.802	-49.802	0.22599	0.71623	0.20969	0.44706	-49.802	-120
5.5315e+09	-50.115	-50.115	0.20207	0.72412	0.18378	0.46019	-50.115	-120
5.5401e+09	-50.195	-50.195	0.22548	0.72592	0.21487	0.51883	-50.195	-120
5.5487e+09	-50.205	-50.205	0.20876	0.69597	0.18634	0.4584	-50.205	-120
5.5573e+09	-50.144	-50.144	0.21288	0.76127	0.20072	0.51856	-50.144	-120
5.5659e+09	-50.237	-50.237	0.21656	0.75023	0.19819	0.47533	-50.237	-120
5.5745e+09	-50.451	-50.451	0.20257	0.72632	0.1812	0.46533	-50.451	-120
5.5831e+09	-50.912	-50.912	0.22419	0.7463	0.20044	0.53214	-50.912	-120
5.5916e+09	-51.302	-51.302	0.20891	0.7092	0.19005	0.3994	-51.302	-120
5.6002e+09	-52.192	-52.192	0.21059	0.7822	0.19342	0.53329	-52.192	-120
5.6088e+09	-51.22	-51.22	0.2164	0.75765	0.19806	0.52847	-51.22	-120
5.6174e+09	-50.334	-50.334	0.21493	0.73401	0.20336	0.45807	-50.334	-120
5.626e+09	-49.443	-49.443	0.21784	0.73525	0.19945	0.41374	-49.443	-120
5.6346e+09	-49.133	-49.133	0.22318	0.77149	0.20279	0.51647	-49.133	-120
5.6432e+09	-49.021	-49.021	0.23071	0.74205	0.21092	0.48016	-49.021	-120
5.6518e+09	-48.865	-48.865	0.2101	0.73445	0.1913	0.46299	-48.865	-120
5.6604e+09	-48.928	-48.928	0.21837	0.71122	0.19749	0.43302	-48.928	-120
5.6689e+09	-48.581	-48.581	0.21851	0.68118	0.20059	0.41949	-48.581	-120
5.6775e+09	-47.548	-47.548	0.20238	0.72167	0.18161	0.4995	-47.548	-120
5.6861e+09	-46.882	-46.882	0.21952	0.65955	0.19782	0.42495	-46.882	-120
5.6947e+09	-46.083	-46.083	0.21682	0.71483	0.19722	0.4872	-46.083	-120
5.7033e+09	-46.488	-46.488	0.1913	0.63582	0.17158	0.39306	-46.488	-120
5.7119e+09	-46.347	-46.347	0.20959	0.70209	0.19075	0.45985	-46.347	-120
5.7205e+09	-46.42	-46.42	0.21681	0.65003	0.19606	0.36534	-46.42	-120
5.729e+09	-47.277	-47.277	0.20662	0.64797	0.1849	0.40304	-47.277	-120
5.7376e+09	-47.943	-47.943	0.20993	0.63836	0.18603	0.40865	-47.943	-120
5.7462e+09	-47.393	-47.393	0.20371	0.65579	0.1846	0.38653	-47.393	-120
5.7548e+09	-46.822	-46.822	0.22836	0.71859	0.21016	0.43191	-46.822	-120
5.7634e+09	-46.894	-46.894	0.22155	0.73929	0.20229	0.49133	-46.894	-120
5.772e+09	-47.086	-47.086	0.20942	0.7064	0.18965	0.45985	-47.086	-120
5.7806e+09	-47.637	-47.637	0.21163	0.64532	0.1897	0.42191	-47.637	-120
5.7892e+09	-48.879	-48.879	0.20565	0.63269	0.18734	0.43763	-48.879	-120
5.7978e+09	-49.491	-49.491	0.19331	0.63148	0.16917	0.37322	-49.491	-120
5.8063e+09	-49.34	-49.34	0.21806	0.69588	0.19567	0.41895	-49.34	-120
5.8149e+09	-48.969	-48.969	0.20659	0.70499	0.18722	0.4547	-48.969	-120
5.8235e+09	-48.512	-48.512	0.19944	0.66971	0.17575	0.37981	-48.512	-120
5.8321e+09	-48.845	-48.845	0.18777	0.68094	0.16951	0.46244	-48.845	-120
5.8407e+09	-48.799	-48.799	0.19676	0.68439	0.17091	0.45365	-48.799	-120
5.8493e+09	-50.094	-50.094	0.18382	0.70477	0.1654	0.508	-50.094	-120
5.8579e+09	-50.755	-50.755	0.16814	0.62945	0.14855	0.35552	-50.755	-120
5.8664e+09	-50.468	-50.468	0.18965	0.64414	0.17077	0.411	-50.468	-120
5.875e+09	-49.979	-49.979	0.18674	0.65453	0.16274	0.41666	-49.979	-120
5.8836e+09	-49.78	-49.78	0.1805	0.64831	0.1556	0.43513	-49.78	-120
5.8922e+09	-49.827	-49.827	0.18786	0.70412	0.17121	0.47565	-49.827	-120
5.9008e+09	-48.963	-48.963	0.21075	0.73615	0.18961	0.47926	-48.963	-120
5.9094e+09	-47.869	-47.869	0.23557	0.78047	0.22064	0.53981	-47.869	-120
5.918e+09	-47.94	-47.94	0.21267	0.6773	0.19162	0.43144	-47.94	-120
5.9266e+09	-46.927	-46.927	0.24474	0.81871	0.22053	0.50883	-46.927	-120
5.9352e+09	-45.939	-45.939	0.24883	0.7665	0.22618	0.54501	-45.939	-120
5.9437e+09	-45.637	-45.637	0.24312	0.68551	0.22928	0.47446	-45.637	-120
5.9523e+09	-45.402	-45.402	0.1972	0.68105	0.17186	0.42347	-45.402	-120
5.9609e+09	-45.003	-45.003	0.21888	0.68683	0.19296	0.44686	-45.003	-120
5.9695e+09	-44.939	-44.939	0.21	0.63255	0.17944	0.44848	-44.939	-120
5.9781e+09	-45.263	-45.263	0.19007	0.67564	0.17233	0.4387	-45.263	-120
5.9867e+09	-45.435	-45.435	0.1984	0.675	0.17485	0.40174	-45.435	-120
5.9953e+09	-45.36	-45.36	0.19614	0.61559	0.1793	0.4279	-45.36	-120
6.0038e+09	-45.077	-45.077	0.20484	0.73572	0.18876	0.54128	-45.077	-120
6.0124e+09	-45.51	-45.51	0.21985	0.63553	0.20035	0.44756	-45.51	-120
6.021e+09	-45.286	-45.286	0.19908	0.66167	0.17588	0.45527	-45.286	-120
6.0296e+09	-45.065	-45.065	0.20896	0.72286	0.18204	0.52707	-45.065	-120
6.0382e+09	-45.304	-45.304	0.18998	0.6521	0.16803	0.44855	-45.304	-120
6.0468e+09	-45.194	-45.194	0.22286	0.70759	0.19798	0.49372	-45.194	-120
6.0554e+09	-45.743	-45.743	0.20429	0.67101	0.18169	0.46336	-45.743	-120
6.064e+09	-45.378	-45.378	0.22983	0.71307	0.21377	0.51939	-45.378	-120
6.0726e+09	-44.568	-44.568	0.22747	0.7097	0.20739	0.51167	-44.568	-120
6.0811e+09	-44.232	-44.232	0.22402	0.69081	0.19883	0.48813	-44.232	-120
6.0897e+09	-44.125	-44.125	0.22064	0.68746	0.20381	0.48405	-44.125	-120
6.0983e+09	-44.52	-44.52	0.20818	0.62301	0.19218	0.41047	-44.52	-120
6.1069e+09	-44.736	-44.736	0.21447	0.65806	0.19379	0.45967	-44.736	-120
6.1155e+09	-45.627	-45.627	0.21133	0.64142	0.19096	0.3819	-45.627	-120
6.1241e+09	-46.116	-46.116	0.17012	0.59592	0.15003	0.30398	-46.116	-120
6.1327e+09	-46.353	-46.353	0.16947	0.62394	0.14998	0.32	-46.353	-120
6.1412e+09	-46.569	-46.569	0.21247	0.6541	0.20001	0.44162	-46.569	-120
6.1498e+09	-47.174	-47.174	0.18586	0.5997	0.16971	0.34589	-47.174	-120
6.1584e+09	-47.759	-47.759	0.19503	0.62475	0.1791	0.3483	-47.759	-120
6.167e+09	-47.415	-47.415	0.19012	0.59188	0.17616	0.34014	-47.415	-120
6.1756e+09	-47.5	-47.5	0.17429	0.63077	0.15115	0.37705	-47.5	-120
6.1842e+09	-47.854	-47.854	0.17542	0.58664	0.1577	0.3479	-47.854	-120
6.1928e+09	-48.19	-48.19	0.17089	0.6572	0.15304	0.42207	-48.19	-120
6.2014e+09	-48.934	-48.934	0.16685	0.62733	0.15434	0.36737	-48.934	-120
6.21e+09	-48.873	-48.873	0.17291	0.64359	0.15357	0.33626	-48.873	-120
6.2185e+09	-48.699	-48.699	0.16712	0.63401	0.15079	0.39963	-48.699	-120
6.2271e+09	-49.276	-49.276	0.18528	0.58393	0.1735	0.31234	-49.276	-120
6.2357e+09	-50.455	-50.455	0.18937	0.63734	0.1761	0.37794	-50.455	-120
6.2443e+09	-49.353	-49.353	0.18093	0.64538	0.16399	0.30196	-49.353	-120
6.2529e+09	-49.274	-49.274	0.20007	0.68262	0.18437	0.43575	-49.274	-120
6.2615e+09	-49.377	-49.377	0.19818	0.63434	0.18254	0.40533	-49.377	-120
6.2701e+09	-49.42	-49.42	0.17805	0.66256	0.15788	0.33267	-49.42	-120
6.2786e+09	-49.158	-49.158	0.18941	0.74611	0.17274	0.37574	-49.158	-120
6.2872e+09	-49.238	-49.238	0.18022	0.65634	0.16187	0.41268	-49.238	-120
6.2958e+09	-50.227	-50.227	0.18545	0.70513	0.17229	0.36554	-50.227	-120
6.3044e+09	-48.905	-48.905	0.18938	0.66297	0.17361	0.35255	-48.905	-120
6.313e+09	-47.627	-47.627	0.17418	0.66851	0.15781	0.40012	-47.627	-120
6.3216e+09	-46.22	-46.22	0.20149	0.69355	0.18283	0.40316	-46.22	-120
6.3302e+09	-45.454	-45.454	0.20357	0.63223	0.18233	0.33537	-45.454	-120
6.3388e+09	-45.083	-45.083	0.20567	0.7181	0.18724	0.48549	-45.083	-120
6.3474e+09	-44.959	-44.959	0.2069	0.71279	0.18934	0.45614	-44.959	-120
6.3559e+09	-44.886	-44.886	0.20141	0.7334	0.17858	0.50702	-44.886	-120
6.3645e+09	-44.581	-44.581	0.21867	0.73565	0.19512	0.55987	-44.581	-120
6.3731e+09	-44.933	-44.933	0.2202	0.62523	0.19914	0.37566	-44.933	-120
6.3817e+09	-44.846	-44.846	0.20942	0.63987	0.19484	0.4236	-44.846	-120
6.3903e+09	-44.096	-44.096	0.21878	0.67792	0.20063	0.42997	-44.096	-120
6.3989e+09	-43.933	-43.933	0.20158	0.66808	0.17995	0.46129	-43.933	-120
6.4075e+09	-44.235	-44.235	0.21874	0.62866	0.19951	0.40971	-44.235	-120
6.416e+09	-44.164	-44.164	0.21601	0.67692	0.19366	0.4173	-44.164	-120
6.4246e+09	-44.574	-44.574	0.2093	0.66798	0.1845	0.39464	-44.574	-120
6.4332e+09	-45.624	-45.624	0.1952	0.64997	0.17717	0.39229	-45.624	-120
6.4418e+09	-47.14	-47.14	0.19409	0.67329	0.17245	0.35994	-47.14	-120
6.4504e+09	-49.138	-49.138	0.21208	0.67466	0.19118	0.37301	-49.138	-120
6.459e+09	-48.612	-48.612	0.19929	0.72228	0.18396	0.46124	-48.612	-120
6.4676e+09	-47.7	-47.7	0.22656	0.69199	0.20471	0.44712	-47.7	-120
6.4762e+09	-47.461	-47.461	0.20019	0.62836	0.17964	0.41637	-47.461	-120
6.4848e+09	-47.439	-47.439	0.22309	0.70555	0.20199	0.5265	-47.439	-120
6.4933e+09	-48.032	-48.032	0.21699	0.59083	0.19494	0.38008	-48.032	-120
6.5019e+09	-47.046	-47.046	0.22998	0.71593	0.21505	0.45776	-47.046	-120
6.5105e+09	-45.438	-45.438	0.21087	0.65194	0.18855	0.37365	-45.438	-120
6.5191e+09	-44.647	-44.647	0.23079	0.6439	0.2047	0.40388	-44.647	-120
6.5277e+09	-44.197	-44.197	0.21698	0.68873	0.19453	0.38499	-44.197	-120
6.5363e+09	-43.507	-43.507	0.20068	0.63924	0.17726	0.36142	-43.507	-120
6.5449e+09	-43.827	-43.827	0.21381	0.65943	0.19743	0.40907	-43.827	-120
6.5534e+09	-44.473	-44.473	0.22238	0.73205	0.19805	0.46997	-44.473	-120
6.562e+09	-45.079	-45.079	0.23473	0.6574	0.22645	0.43321	-45.079	-120
6.5706e+09	-46.42	-46.42	0.2242	0.69174	0.20394	0.40037	-46.42	-120
6.5792e+09	-47.597	-47.597	0.21615	0.67402	0.19319	0.45371	-47.597	-120
6.5878e+09	-49.453	-49.453	0.22714	0.67158	0.21105	0.47703	-49.453	-120
6.5964e+09	-50.672	-50.672	0.23436	0.60574	0.21703	0.31974	-50.672	-120
6.605e+09	-49.355	-49.355	0.19582	0.69239	0.17892	0.38848	-49.355	-120
6.6136e+09	-48.646	-48.646	0.20772	0.67554	0.18888	0.40907	-48.646	-120
6.6222e+09	-48.191	-48.191	0.19823	0.65284	0.17559	0.38112	-48.191	-120
6.6307e+09	-48.132	-48.132	0.21499	0.73035	0.19813	0.3856	-48.132	-120
6.6393e+09	-47.057	-47.057	0.22292	0.70063	0.21271	0.43012	-47.057	-120
6.6479e+09	-46.437	-46.437	0.19081	0.67063	0.17526	0.38361	-46.437	-120
6.6565e+09	-46.653	-46.653	0.19176	0.71018	0.17285	0.42272	-46.653	-120
6.6651e+09	-46.567	-46.567	0.20029	0.59577	0.18375	0.30568	-46.567	-120
6.6737e+09	-47.007	-47.007	0.20386	0.63261	0.18441	0.33724	-47.007	-120
6.6823e+09	-48.644	-48.644	0.20758	0.70393	0.18969	0.40658	-48.644	-120
6.6908e+09	-48.009	-48.009	0.18799	0.64215	0.17217	0.39113	-48.009	-120
6.6994e+09	-46.888	-46.888	0.19639	0.62963	0.1774	0.36899	-46.888	-120
6.708e+09	-46.366	-46.366	0.2001	0.68762	0.17618	0.3848	-46.366	-120
6.7166e+09	-46.394	-46.394	0.21428	0.60387	0.19738	0.32452	-46.394	-120
6.7252e+09	-46.36	-46.36	0.21361	0.67044	0.19067	0.37847	-46.36	-120
6.7338e+09	-47.173	-47.173	0.22922	0.69851	0.21014	0.3794	-47.173	-120
6.7424e+09	-47.716	-47.716	0.20564	0.68274	0.18593	0.37103	-47.716	-120
6.751e+09	-46.731	-46.731	0.19802	0.64961	0.18116	0.36216	-46.731	-120
6.7596e+09	-45.343	-45.343	0.19319	0.6296	0.17708	0.33954	-45.343	-120
6.7681e+09	-44.976	-44.976	0.18283	0.63689	0.16356	0.34892	-44.976	-120
6.7767e+09	-45.064	-45.064	0.18579	0.6019	0.16818	0.26726	-45.064	-120
6.7853e+09	-44.41	-44.41	0.1935	0.70132	0.17222	0.3392	-44.41	-120
6.7939e+09	-44.127	-44.127	0.20055	0.65359	0.18044	0.31459	-44.127	-120
6.8025e+09	-44.813	-44.813	0.1862	0.69365	0.16426	0.36362	-44.813	-120
6.8111e+09	-46.512	-46.512	0.18708	0.62157	0.17342	0.31799	-46.512	-120
6.8197e+09	-46.082	-46.082	0.20984	0.65318	0.18428	0.34041	-46.082	-120
6.8282e+09	-46.208	-46.208	0.19616	0.65432	0.17716	0.32285	-46.208	-120
6.8368e+09	-45.896	-45.896	0.18462	0.60609	0.15922	0.34424	-45.896	-120
6.8454e+09	-46.243	-46.243	0.20331	0.68917	0.18767	0.46373	-46.243	-120
6.854e+09	-46.945	-46.945	0.17827	0.59463	0.1594	0.30995	-46.945	-120
6.8626e+09	-47.655	-47.655	0.19436	0.5944	0.17147	0.35582	-47.655	-120
6.8712e+09	-47.711	-47.711	0.19373	0.69014	0.17452	0.33465	-47.711	-120
6.8798e+09	-48.649	-48.649	0.19563	0.70357	0.17274	0.38991	-48.649	-120
6.8884e+09	-47.28	-47.28	0.18518	0.59452	0.16111	0.29818	-47.28	-120
6.897e+09	-47.118	-47.118	0.18088	0.59614	0.15801	0.301	-47.118	-120
6.9055e+09	-46.326	-46.326	0.19303	0.6583	0.1729	0.37222	-46.326	-120
6.9141e+09	-45.774	-45.774	0.19805	0.68611	0.18024	0.33756	-45.774	-120
6.9227e+09	-46.064	-46.064	0.19238	0.7017	0.1761	0.43683	-46.064	-120
6.9313e+09	-46.288	-46.288	0.20632	0.67053	0.19022	0.33802	-46.288	-120
6.9399e+09	-46.388	-46.388	0.20575	0.72487	0.18595	0.46248	-46.388	-120
6.9485e+09	-46.709	-46.709	0.2028	0.65416	0.185	0.32579	-46.709	-120
6.9571e+09	-47.203	-47.203	0.19506	0.68263	0.171	0.36547	-47.203	-120
6.9656e+09	-47.701	-47.701	0.20632	0.63798	0.18903	0.34663	-47.701	-120
6.9742e+09	-47.774	-47.774	0.19487	0.71043	0.1754	0.37051	-47.774	-120
6.9828e+09	-48.26	-48.26	0.19917	0.64695	0.17653	0.39974	-48.26	-120
6.9914e+09	-49.098	-49.098	0.20798	0.67814	0.18735	0.41274	-49.098	-120
7e+09	-48.986	-48.986	0.20132	0.68569	0.17696	0.38328	-48.986	-120
